VERSION:    3.1
ELEMENTS:   1
DATE:       Jun 05, 2002 11:49:37.368
CHANNELS:   2000
ROIS:       9 
REAL_TIME:  5.000000 
LIVE_TIME:  4.770000 
CAL_OFFSET: 2.328778e+01 
CAL_SLOPE: 5.832442e-02 
CAL_QUAD: 0.000000e+00 
TWO_THETA: 5.998236 
ROI_0_LEFT:  302 
ROI_0_RIGHT:  342 
ROI_0_LABEL:  nacl 200 
ROI_1_LEFT:  600 
ROI_1_RIGHT:  640 
ROI_1_LABEL:  nacl 220 
ROI_2_LEFT:  830 
ROI_2_RIGHT:  870 
ROI_2_LABEL:  nacl 222 
ROI_3_LEFT:  1023 
ROI_3_RIGHT:  1063 
ROI_3_LABEL:  nacl 400 
ROI_4_LEFT:  1152 
ROI_4_RIGHT:  1192 
ROI_4_LABEL:  nacl 331 
ROI_5_LEFT:  1193 
ROI_5_RIGHT:  1233 
ROI_5_LABEL:  nacl 420 
ROI_6_LEFT:  1347 
ROI_6_RIGHT:  1387 
ROI_6_LABEL:  nacl 422 
ROI_7_LEFT:  1454 
ROI_7_RIGHT:  1494 
ROI_7_LABEL:  nacl 511 
ROI_8_LEFT:  1620 
ROI_8_RIGHT:  1660 
ROI_8_LABEL:  nacl 440 
DATA: 
0 
0 
0 
0 
0 
1 
1 
2 
1 
1 
0 
1 
2 
3 
0 
1 
1 
1 
1 
3 
0 
1 
2 
6 
0 
5 
0 
1 
1 
0 
2 
0 
2 
0 
2 
0 
2 
1 
1 
1 
0 
1 
1 
2 
1 
4 
1 
4 
0 
2 
1 
2 
2 
0 
1 
1 
0 
2 
0 
3 
1 
1 
3 
0 
1 
2 
2 
1 
2 
2 
2 
2 
2 
1 
0 
1 
0 
2 
0 
4 
0 
1 
3 
0 
1 
0 
1 
0 
0 
1 
1 
0 
1 
2 
0 
2 
0 
0 
0 
1 
5 
4 
2 
1 
1 
2 
0 
1 
1 
1 
1 
2 
0 
1 
0 
0 
0 
2 
1 
2 
1 
1 
2 
1 
2 
1 
3 
0 
1 
1 
2 
1 
1 
0 
2 
1 
0 
2 
0 
0 
2 
0 
2 
3 
0 
0 
1 
0 
0 
3 
0 
1 
2 
1 
0 
1 
1 
2 
1 
1 
1 
0 
1 
0 
2 
2 
3 
0 
1 
0 
2 
3 
1 
0 
0 
0 
4 
1 
2 
0 
1 
0 
0 
2 
0 
2 
0 
0 
0 
4 
1 
1 
1 
1 
1 
4 
1 
0 
1 
0 
2 
1 
3 
1 
0 
2 
0 
3 
2 
1 
1 
2 
1 
0 
1 
1 
0 
0 
1 
3 
5 
3 
0 
1 
1 
0 
1 
0 
1 
4 
0 
1 
0 
1 
2 
4 
1 
2 
4 
2 
2 
4 
2 
1 
0 
1 
4 
0 
1 
3 
1 
0 
1 
2 
2 
3 
3 
0 
1 
0 
1 
1 
1 
1 
2 
1 
0 
1 
1 
2 
0 
2 
2 
1 
1 
4 
2 
6 
5 
3 
3 
7 
9 
8 
11 
12 
16 
17 
18 
20 
12 
7 
10 
7 
7 
1 
3 
3 
1 
4 
4 
5 
2 
3 
0 
2 
3 
3 
2 
4 
8 
13 
17 
18 
34 
37 
28 
25 
33 
37 
18 
22 
10 
16 
10 
5 
6 
3 
9 
8 
6 
2 
2 
1 
4 
5 
3 
4 
4 
1 
7 
4 
2 
7 
6 
7 
6 
2 
7 
9 
9 
5 
5 
3 
2 
4 
4 
4 
3 
7 
11 
4 
7 
6 
8 
14 
7 
4 
6 
14 
14 
7 
15 
15 
18 
16 
18 
15 
15 
20 
15 
16 
28 
16 
17 
26 
22 
29 
27 
44 
30 
45 
53 
34 
38 
23 
37 
37 
25 
29 
14 
21 
13 
9 
12 
8 
3 
4 
4 
8 
4 
7 
8 
4 
2 
5 
3 
2 
3 
2 
2 
1 
3 
0 
6 
4 
3 
1 
4 
5 
4 
3 
2 
6 
3 
4 
1 
4 
11 
7 
7 
8 
5 
5 
6 
7 
8 
5 
6 
8 
7 
6 
5 
9 
4 
8 
7 
13 
8 
8 
7 
8 
10 
11 
11 
16 
19 
9 
18 
15 
10 
18 
19 
20 
22 
16 
17 
17 
21 
15 
15 
12 
13 
6 
14 
16 
9 
4 
12 
14 
13 
7 
15 
6 
12 
14 
11 
9 
12 
10 
9 
10 
14 
8 
14 
13 
10 
19 
19 
15 
16 
12 
27 
31 
24 
31 
22 
25 
38 
38 
38 
40 
29 
17 
22 
34 
26 
27 
28 
28 
27 
29 
29 
24 
15 
21 
31 
31 
31 
16 
17 
21 
14 
20 
22 
15 
14 
12 
19 
14 
17 
21 
18 
14 
19 
16 
32 
40 
62 
70 
81 
83 
92 
94 
81 
99 
110 
97 
107 
100 
120 
89 
83 
70 
51 
43 
31 
26 
24 
7 
13 
13 
17 
8 
18 
10 
17 
10 
9 
18 
20 
22 
14 
17 
22 
19 
12 
23 
29 
20 
30 
31 
29 
28 
33 
47 
41 
39 
39 
72 
95 
104 
156 
175 
167 
173 
165 
155 
114 
105 
79 
59 
56 
47 
27 
33 
34 
30 
12 
28 
30 
22 
26 
21 
18 
18 
22 
34 
26 
20 
16 
21 
17 
17 
24 
17 
23 
16 
21 
18 
14 
16 
11 
24 
15 
13 
11 
19 
12 
17 
27 
25 
22 
21 
18 
25 
16 
23 
15 
21 
15 
19 
15 
17 
25 
20 
15 
19 
19 
20 
22 
24 
23 
32 
28 
33 
23 
25 
30 
37 
28 
36 
40 
46 
36 
49 
50 
65 
65 
67 
57 
69 
53 
64 
55 
44 
53 
46 
48 
58 
68 
79 
88 
110 
183 
167 
217 
254 
334 
309 
345 
307 
304 
267 
213 
194 
178 
131 
112 
79 
72 
59 
53 
32 
32 
29 
29 
27 
23 
28 
32 
25 
30 
31 
21 
26 
23 
24 
25 
28 
18 
13 
20 
23 
24 
24 
26 
18 
16 
12 
26 
19 
21 
15 
19 
15 
13 
17 
14 
10 
15 
20 
22 
21 
21 
22 
17 
17 
15 
21 
21 
25 
22 
20 
23 
23 
28 
32 
35 
28 
21 
35 
47 
34 
30 
34 
26 
25 
30 
38 
32 
26 
22 
19 
23 
18 
19 
18 
24 
20 
15 
17 
21 
19 
17 
20 
29 
28 
26 
19 
26 
29 
27 
33 
32 
32 
26 
24 
32 
43 
29 
30 
23 
28 
32 
29 
21 
28 
23 
50 
41 
46 
49 
35 
32 
31 
32 
23 
26 
30 
18 
19 
16 
18 
17 
22 
19 
18 
18 
22 
20 
19 
17 
20 
18 
19 
17 
25 
26 
25 
22 
17 
17 
28 
25 
24 
25 
27 
20 
32 
38 
27 
33 
24 
29 
30 
26 
29 
31 
26 
26 
23 
28 
28 
21 
24 
31 
35 
25 
31 
47 
48 
41 
54 
64 
77 
100 
134 
146 
184 
209 
199 
204 
215 
204 
173 
133 
112 
106 
92 
79 
80 
46 
42 
43 
30 
28 
30 
21 
38 
30 
65 
78 
103 
150 
173 
166 
220 
206 
174 
182 
125 
129 
80 
55 
31 
37 
23 
26 
22 
15 
20 
24 
28 
23 
34 
29 
24 
39 
48 
41 
65 
78 
115 
179 
214 
293 
329 
352 
363 
320 
333 
289 
200 
150 
119 
85 
88 
59 
49 
40 
32 
24 
26 
11 
12 
14 
16 
18 
20 
11 
17 
15 
9 
12 
19 
7 
14 
11 
16 
9 
9 
10 
9 
14 
14 
18 
12 
21 
13 
10 
13 
9 
11 
17 
9 
12 
13 
16 
16 
20 
12 
12 
21 
18 
19 
25 
32 
18 
24 
23 
26 
24 
21 
15 
28 
20 
22 
17 
13 
14 
17 
11 
10 
15 
12 
7 
21 
15 
19 
14 
10 
12 
6 
7 
10 
11 
7 
10 
4 
12 
10 
10 
8 
5 
11 
11 
6 
8 
6 
7 
5 
11 
4 
7 
9 
6 
8 
8 
7 
6 
9 
8 
4 
4 
6 
9 
5 
10 
11 
9 
8 
8 
8 
7 
10 
11 
7 
9 
9 
8 
7 
7 
12 
4 
9 
7 
6 
8 
6 
5 
0 
4 
2 
3 
5 
5 
2 
8 
2 
3 
2 
2 
7 
2 
9 
4 
2 
9 
9 
4 
6 
5 
3 
3 
5 
2 
5 
4 
5 
5 
4 
4 
4 
5 
3 
3 
2 
6 
3 
8 
8 
6 
5 
4 
1 
3 
6 
7 
9 
13 
3 
5 
4 
6 
2 
8 
3 
4 
4 
5 
6 
6 
7 
1 
6 
7 
3 
9 
5 
7 
11 
11 
17 
4 
4 
7 
10 
10 
7 
8 
6 
11 
10 
12 
9 
15 
11 
8 
15 
10 
12 
23 
14 
14 
14 
11 
19 
13 
8 
12 
10 
6 
3 
5 
6 
9 
2 
4 
2 
4 
2 
1 
3 
1 
4 
2 
4 
2 
2 
3 
3 
3 
3 
2 
1 
2 
1 
6 
1 
5 
3 
3 
4 
0 
2 
3 
2 
5 
3 
4 
5 
4 
4 
2 
2 
1 
1 
1 
4 
1 
1 
1 
4 
5 
4 
2 
1 
0 
2 
4 
4 
2 
5 
3 
5 
7 
7 
7 
2 
5 
4 
1 
2 
2 
2 
3 
3 
3 
5 
2 
0 
3 
2 
2 
2 
1 
2 
4 
1 
3 
1 
1 
2 
0 
2 
6 
2 
6 
3 
4 
1 
2 
4 
5 
4 
4 
6 
5 
4 
12 
9 
12 
8 
6 
9 
8 
12 
11 
7 
17 
9 
8 
4 
6 
5 
4 
2 
5 
3 
2 
3 
2 
2 
3 
4 
3 
7 
6 
5 
8 
7 
1 
9 
2 
5 
10 
6 
7 
4 
7 
4 
3 
0 
2 
3 
1 
2 
5 
5 
5 
5 
3 
8 
6 
2 
7 
0 
1 
3 
1 
2 
2 
0 
2 
2 
1 
2 
1 
3 
2 
2 
0 
2 
2 
1 
0 
2 
0 
3 
3 
1 
2 
1 
1 
1 
1 
2 
1 
2 
1 
0 
0 
4 
0 
1 
0 
3 
2 
0 
2 
1 
2 
4 
3 
2 
3 
1 
1 
0 
0 
1 
3 
3 
1 
1 
0 
1 
1 
0 
1 
2 
2 
1 
0 
3 
0 
0 
0 
3 
0 
0 
3 
2 
1 
0 
0 
0 
1 
1 
5 
2 
1 
2 
1 
1 
5 
1 
1 
0 
2 
1 
2 
2 
2 
0 
1 
1 
1 
2 
1 
2 
1 
1 
1 
0 
2 
2 
3 
2 
0 
1 
1 
0 
1 
1 
2 
0 
2 
3 
2 
2 
0 
0 
1 
1 
0 
0 
1 
1 
0 
0 
0 
0 
3 
4 
1 
1 
4 
3 
1 
2 
3 
1 
1 
1 
2 
6 
2 
2 
3 
2 
1 
4 
4 
0 
6 
4 
3 
5 
4 
9 
5 
4 
4 
1 
4 
1 
2 
0 
1 
4 
0 
1 
3 
2 
0 
1 
2 
0 
0 
0 
1 
0 
1 
1 
1 
0 
1 
2 
0 
0 
0 
0 
1 
2 
2 
4 
2 
0 
0 
1 
3 
2 
2 
0 
1 
0 
0 
0 
1 
0 
0 
0 
0 
1 
1 
0 
2 
1 
3 
1 
0 
0 
1 
1 
0 
0 
0 
0 
1 
0 
1 
1 
1 
1 
0 
2 
1 
1 
1 
0 
0 
1 
0 
0 
0 
1 
0 
2 
0 
1 
2 
1 
1 
1 
0 
0 
1 
1 
0 
0 
2 
2 
1 
2 
0 
1 
1 
2 
1 
1 
0 
0 
0 
1 
1 
0 
0 
2 
0 
0 
0 
1 
0 
3 
1 
1 
1 
1 
2 
2 
0 
1 
2 
1 
1 
2 
1 
0 
0 
1 
0 
0 
1 
1 
0 
0 
0 
1 
0 
0 
0 
0 
1 
1 
0 
0 
0 
0 
0 
1 
1 
0 
1 
2 
0 
0 
0 
0 
2 
0 
0 
1 
0 
0 
1 
1 
0 
0 
1 
2 
1 
0 
0 
0 
1 
0 
0 
0 
1 
0 
1 
2 
0 
0 
3 
0 
0 
0 
0 
2 
1 
0 
0 
1 
0 
0 
0 
0 
0 
2 
1 
0 
2 
0 
0 
1 
0 
1 
0 
0 
5 
1 
1 
0 
1 
2 
1 
0 
3 
1 
0 
0 
0 
1 
0 
0 
1 
0 
0 
0 
0 
1 
0 
0 
0 
1 
1 
1 
0 
0 
0 
0 
0 
0 
0 
0 
0 
0 
2 
0 
1 
0 
1 
1 
0 
1 
0 
2 
1 
0 
0 
1 
0 
0 
0 
1 
0 
0 
0 
0 
1 
0 
0 
1 
0 
0 
1 
0 
1 
1 
0 
0 
0 
0 
0 
0 
0 
0 
0 
0 
1 
0 
1 
0 
0 
0 
0 
0 
0 
0 
0 
0 
0 
0 
1 
1 
1 
0 
1 
0 
0 
0 
0 
0 
0 
0 
1 
0 
1 
0 
0 
0 
0 
0 
0 
0 
0 
2 
0 
0 
0 
0 
0 
0 
0 
0 
0 
1 
0 
1 
0 
0 
1 
0 
1 
0 
1 
0 
0 
0 
0 
0 
0 
2 
0 
1 
0 
1 
0 
0 
1 
0 
0 
0 
0 
0 
0 
1 
0 
0 
0 
0 
0 
0 
1 
0 
0 
0 
0 
0 
1 
0 
0 
0 
0 
0 
0 
0 
0 
0 
2 
0 
0 
0 
0 
0 
0 
0 
0 
0 
0 
1 
0 
0 
0 
0 
1 
0 
1 
0 
0 
0 
1 
1 
1 
1 
0 
0 
0 
0 
0 
1 
0 
0 
0 
0 
0 
0 
0 
1 
0 
1 
0 
0 
0 
1 
2 
0 
1 
1 
0 
0 
1 
0 
0 
0 
0 
0 
